.Random.seed <-
c(403L, 10L, -243181118L, 813978141L, 31640215L, -1279654914L, 
599383992L, 405885851L, -1437992455L, 304089416L, -1524812682L, 
-579018319L, 174804963L, -1617769294L, 390234372L, -1088656825L, 
-1665102563L, 1075166100L, 398192442L, -134474875L, 67733599L, 
-2138719514L, 1996669296L, -721597805L, 2051011377L, -1053445664L, 
14927486L, 653438217L, 1736933179L, -1415244022L, -1347614996L, 
733344623L, -1909226331L, -396282276L, 702299698L, -1318118099L, 
-1396995097L, -344560882L, -1191113496L, 373303019L, -1554888823L, 
-1151175912L, -1587427770L, -1714989407L, 1660270899L, -1312253790L, 
2056329108L, 1036826135L, -1251319283L, 1663989540L, 441529098L, 
-2076000651L, -543556145L, 1574315734L, -214193536L, -1419963197L, 
-1684155807L, -224154928L, -1458058194L, -664133159L, -887702037L, 
-1681598374L, 1109875228L, -88065249L, 270593909L, -214551028L, 
-176853022L, 1550259389L, -2090396873L, -845251618L, 708065560L, 
169151611L, -388353511L, -1584221528L, -1389864874L, -1897745199L, 
2119159939L, 1650582290L, -1889700188L, 652485223L, -403850307L, 
1973368116L, 1472695962L, -1459544859L, -196485505L, -1576105978L, 
1921330064L, 689174067L, -1770691119L, -1151027328L, 951036510L, 
-514027095L, -766771109L, -1182672790L, 927807756L, -1636379825L, 
1704169477L, 1353723580L, 1902356370L, -1237265267L, 153916103L, 
259916718L, 1105567240L, 847516171L, 1098007273L, -543986248L, 
1490487910L, -2047527167L, -982924909L, -855025086L, -7655948L, 
484530167L, -1458811923L, -2077137788L, -722158934L, -1003311083L, 
-429655889L, -1108896074L, -1624906528L, 786311203L, -178473151L, 
574798384L, 339454030L, 28104889L, -1569256245L, 1803604346L, 
-696365956L, 1167960255L, -962732651L, -1115841108L, -424839294L, 
-2106204835L, -226962345L, -2062961858L, 388832120L, -712779685L, 
-759570503L, 288251400L, -1551446858L, -1694213135L, -1149589981L, 
1600968306L, -885584700L, 198232711L, 1297957469L, 577225812L, 
-1326526854L, 1021701573L, 62607135L, 1859074726L, -593888208L, 
-1214161197L, 1130446065L, 1843288096L, 1447788222L, 839015113L, 
-2031275909L, -1080152502L, -1139320148L, -1238446673L, -1878065819L, 
237497116L, -2001137806L, 462595053L, 80110631L, -1760560050L, 
1794916520L, 1001451179L, -1043919927L, -1660573736L, -772395386L, 
-911394975L, -1120310541L, -2001160862L, 571884500L, 1363896023L, 
-1976398643L, 1489325156L, -378207670L, -910489675L, -860693745L, 
1394436118L, 363426496L, 1634239619L, 661319841L, 956233360L, 
-1430968978L, -1997860071L, 920426411L, 1703064986L, 349426012L, 
-1279776673L, 179660853L, -29135924L, 66445090L, -768933507L, 
2096540279L, 759247774L, 1520239192L, 1047374779L, 1120329049L, 
-1583376664L, -1988761834L, -1190156143L, 1906763075L, 36675666L, 
-1676999964L, 1473254695L, -81564291L, -543038348L, -804573606L, 
1438407333L, -1771740993L, -108813498L, -1979158064L, -84651021L, 
-875926767L, -997074112L, -595696866L, -2027262999L, -227860197L, 
-1507435734L, -621814708L, -1460169713L, 1307598661L, -1025754884L, 
-1188378798L, -1163917107L, 2120243335L, -673837972L, -1854173036L, 
1621735762L, 1487079136L, 395509964L, -1843908448L, -134991486L, 
-1215663896L, -1190436628L, 1890828348L, 2112372850L, 768911472L, 
339761700L, 262062648L, -1011428838L, -893814576L, 529602108L, 
1558189204L, 464692354L, 1317679040L, 77747516L, 1587504784L, 
1762442274L, 1376798728L, 2094085260L, -1041315812L, 1020494994L, 
1574157440L, -451298284L, -913501400L, -1538044870L, 1395014864L, 
696110188L, 1161590452L, -78897134L, 1132199904L, -786107444L, 
-590432800L, -180175838L, 1718023464L, -220176116L, 1532255804L, 
1587926258L, 662411504L, 725616452L, -1747910568L, -891913670L, 
-717756176L, 627110588L, 1043223060L, -1823765310L, -510548384L, 
-1519176324L, 1511410896L, -1046635486L, 265291944L, -533709428L, 
209791420L, -480225230L, 1417116480L, 1169295028L, 658452808L, 
1497440954L, 1655363344L, -1915057940L, -1077274540L, -568594670L, 
647889312L, 667013068L, -246491296L, -1915685694L, 1141857832L, 
-1736242772L, 1757303612L, 1751528306L, -1083795664L, -1648203740L, 
-476348872L, -1469656358L, -588044400L, 680946940L, 259970452L, 
-373222590L, 1563642368L, 1895737404L, -161519024L, -1309900638L, 
238719816L, 1113514508L, 1147220700L, -295245742L, 1688480896L, 
531033940L, 1382776808L, 893516538L, -1688912048L, 734958636L, 
861499764L, 1707865746L, -1882318240L, 1667455116L, -1358362272L, 
352676066L, 469886120L, 82337484L, 911272444L, -319638606L, 1013382128L, 
-1739445820L, -137941672L, -1287906950L, 1648564656L, -1958485572L, 
1303383636L, -376849982L, 1102760736L, -1358898244L, -2035158960L, 
-846158878L, -1773025432L, 1107386188L, -1704947972L, -7729422L, 
-1401369344L, -94739340L, -879661560L, -1738310214L, 1145210320L, 
-295129108L, 1906609044L, -180735790L, 1186053216L, 1340699980L, 
831752992L, -2036598142L, -934272536L, -714120212L, 1148065340L, 
-632570254L, -1397099664L, -1562522332L, -328345032L, 497783194L, 
-918501936L, -1117723204L, -617265516L, 1807319682L, -880077376L, 
-1851248836L, 83915408L, 855893794L, -1796188664L, 603685644L, 
-1840915556L, -577502190L, 2058867584L, -1195570412L, 459781416L, 
-1472425926L, -362728496L, -1281566100L, -593085388L, 2002589842L, 
998916448L, 1936108876L, -1347334688L, -1206864990L, 982125480L, 
-1700770676L, 160727996L, -1873822606L, 373250032L, 1163269188L, 
-2100578216L, -1055367110L, -846024592L, -445163972L, 1076762388L, 
-479417662L, -1734323488L, 1747209340L, -1922630448L, 1883294626L, 
-853201368L, -1555400436L, 74209212L, 2130176306L, -2108612416L, 
1329168948L, 2130283208L, 1275902650L, 38143120L, 2081224428L, 
5267028L, 34309778L, -1935665376L, 426461132L, -734584608L, 1134902978L, 
732955688L, -1136358484L, 1741986492L, 895371762L, -742435280L, 
-1202796636L, -1829006920L, -46402726L, 2035086480L, -466289796L, 
-1499302124L, -1578349246L, 1051180800L, -785648708L, 679874384L, 
-1876666078L, 1977918024L, -978554868L, 895611996L, -1879785006L, 
1729420800L, -876613292L, 761884904L, 1460703482L, 461801168L, 
-2109664980L, 1175818484L, 1108585874L, 264040034L, -1111890480L, 
-1789832455L, 338796587L, -467046500L, -197197878L, 1006303423L, 
-1815549431L, 639083294L, 1809107660L, -1662975331L, 1222594343L, 
-1579794096L, 988573678L, 398553243L, -541689091L, -455630358L, 
687901320L, -1447551951L, 1576070819L, -1960114524L, 1598703442L, 
-601821529L, 158470897L, -1568409034L, -72804652L, -713115035L, 
924899439L, 1508375208L, -299579386L, 1124607283L, 372107669L, 
-907659790L, 1540819520L, 379315113L, 541851163L, 397023212L, 
-1188282374L, 1305469999L, 730223673L, 234292814L, 642021020L, 
-418526195L, 1445679223L, -1842423680L, -1021845794L, 147600811L, 
-1320417619L, -857875686L, 765379544L, 1205542977L, -653635853L, 
339751188L, 1856160930L, 1063526839L, 154068353L, 7304070L, 784089540L, 
194652405L, 1196091743L, -966646856L, 870319766L, -1002598237L, 
360323685L, 248139650L, -1533590288L, 1124654233L, 362411147L, 
-2026570372L, -480359510L, 2027260895L, 1313988969L, 1566428542L, 
1192447340L, -1491741251L, -447359353L, 1406284400L, -822929138L, 
543163963L, -618080995L, -647905334L, 1057065192L, 1542491089L, 
1898900931L, -722393404L, -1924977294L, 612859975L, 574293009L, 
-233249386L, 251525364L, 1217901189L, 1924103119L, -679693624L, 
995922790L, -1458509421L, -493100299L, -1689519406L, 710763808L, 
-1385968375L, -2144822725L, -1977643124L, -1319891430L, -1655179633L, 
877203929L, -1313560978L, 2046363132L, 771227501L, 1218029847L, 
1002996960L, -951817538L, 1637476491L, 1165498125L, 1787574074L, 
1938362232L, 157295905L, 896611795L, 340268276L, -1257656958L, 
1906366487L, -1381523743L, -1152169946L, -1330475740L, 1588966869L, 
-137332353L, 1217603608L, -1420912842L, 757821891L, 1917878277L, 
200237986L, 896479120L, 2119699257L, 891690987L, -1314471716L, 
1709195530L, 1404325887L, -1266982327L, 684885982L, 723289996L, 
1654101853L, -776401049L, 427521168L, -1993450834L, -1048004773L, 
-102398147L, 2143417770L, -1073989048L, -549643663L, -184943645L, 
